股票名稱,日期,券賣,券餘,券增減,券使用率,借券賣出,借券賣出餘額
樂陞,20161116,0,445,-498,1.59,0,0
樂陞,20161115,0,943,-1038,3.36,0,715
樂陞,20161114,0,1981,-363,7.06,0,715
樂陞,20161111,0,2344,-133,8.35,0,715
樂陞,20161110,0,2477,-16,8.83,0,715
樂陞,20161109,0,2493,-11,9.99,0,715
樂陞,20161108,0,2504,-8,10.03,0,715
樂陞,20161107,0,2512,-3,10.06,0,749
樂陞,20161104,0,2515,-4,10.07,0,749
樂陞,20161103,0,2519,-66,10.09,0,749
樂陞,20161102,0,2585,-5,10.35,0,749
樂陞,20161101,0,2590,-2,10.37,0,928
樂陞,20161031,0,2592,-6,10.38,0,928
樂陞,20161028,0,2598,-43,10.41,0,928
樂陞,20161027,0,2641,-13,10.58,0,928
樂陞,20161026,0,2654,-19,10.63,0,928
樂陞,20161025,0,2673,0,10.71,0,930
樂陞,20161024,0,2673,-2,10.71,0,930
樂陞,20161021,0,2675,-30,10.71,0,930
樂陞,20161020,0,2705,-2,10.83,0,930
樂陞,20161019,0,2707,-49,10.84,0,930
樂陞,20161018,0,2756,-179,11.04,0,945
樂陞,20161017,0,2935,-4,11.76,0,971
樂陞,20161014,0,2939,-130,11.77,0,971
樂陞,20161013,0,3069,0,12.29,0,971
樂陞,20161012,0,3069,0,12.3,0,987
樂陞,20161011,0,3069,-107,12.3,0,987
樂陞,20161007,0,3176,-466,12.73,0,999
樂陞,20161006,0,3642,-135,14.6,0,999
樂陞,20161005,0,3777,-732,15.14,0,999
樂陞,20161004,0,4509,-30,18.07,0,999
樂陞,20161003,25,4539,-3,18.19,0,999
樂陞,20160930,594,4542,430,18.21,0,999
樂陞,20160929,171,4112,21,16.48,0,1000
樂陞,20160926,398,4091,-25,16.4,80,1000
樂陞,20160923,188,4116,-115,16.5,0,920
樂陞,20160922,311,4231,276,16.96,100,920
樂陞,20160921,206,3955,-19,15.85,78,839
樂陞,20160920,303,3974,251,15.93,27,761
樂陞,20160919,289,3723,14,14.92,6,734
樂陞,20160914,589,3709,297,14.87,20,728
樂陞,20160913,456,3412,400,13.68,0,708
樂陞,20160912,648,3012,509,12.07,47,708
樂陞,20160910,484,2503,332,10.03,0,675
樂陞,20160909,2171,2171,2171,8.7,40,705
樂陞,20160908,0,0,0,0,43,690
樂陞,20160907,0,0,0,0,0,647
樂陞,20160906,0,0,-1218,0,0,647
樂陞,20160905,0,1218,-4175,4.88,0,657
樂陞,20160902,0,5393,-207,21.62,0,657
樂陞,20160901,0,5600,-455,22.45,0,657
樂陞,20160831,68,6055,-35,24.27,0,657
樂陞,20160830,790,6090,677,24.41,83,657
樂陞,20160829,793,5413,669,21.7,35,574
樂陞,20160826,1290,4744,542,19.02,19,569
樂陞,20160825,227,4202,-3112,16.84,341,550
樂陞,20160824,214,7314,-254,29.32,124,209
樂陞,20160823,0,7568,-129,30.34,0,85
樂陞,20160822,0,7697,-1778,30.85,0,301
樂陞,20160819,0,9475,-441,37.98,0,301
樂陞,20160818,0,9916,-1001,39.75,0,401
樂陞,20160817,0,10917,-442,43.76,90,476
樂陞,20160816,0,11359,-87,45.53,15,510
樂陞,20160815,0,11446,-267,45.88,0,513
樂陞,20160812,139,11713,13,46.95,34,559
樂陞,20160811,124,11700,-502,49.01,45,548
樂陞,20160810,97,12202,-67,51.11,0,683
樂陞,20160809,102,12269,89,51.39,0,688
樂陞,20160808,399,12180,369,51.02,10,788
樂陞,20160805,456,11811,422,49.47,12,778
樂陞,20160804,403,11389,376,47.71,15,766
樂陞,20160803,732,11013,709,46.13,22,751
樂陞,20160802,385,10304,-26,43.16,0,843
樂陞,20160801,691,10330,371,43.27,0,1058
樂陞,20160729,935,9959,873,41.72,3,1058
樂陞,20160728,1197,9086,1081,38.06,8,1055
樂陞,20160727,1522,8005,1451,33.53,3,1172
樂陞,20160726,1492,6554,1387,27.45,7,1196
樂陞,20160725,3055,5167,2798,21.64,295,1287
樂陞,20160722,298,2369,280,9.92,0,992
樂陞,20160721,20,2089,-69,8.75,0,992
樂陞,20160720,84,2158,-46,9.04,0,1028
樂陞,20160719,32,2204,-195,9.23,0,1038
樂陞,20160718,241,2399,-252,10.05,1,1038
樂陞,20160715,164,2651,-6,11.1,1,1037
樂陞,20160714,404,2657,298,11.13,3,1036
樂陞,20160713,190,2359,75,11.13,0,1122
樂陞,20160712,250,2284,68,10.78,0,1262
樂陞,20160711,98,2216,-54,10.46,0,1372
樂陞,20160707,78,2270,24,10.71,0,1388
樂陞,20160706,56,2246,-259,10.6,0,1390
樂陞,20160705,183,2505,-630,11.82,2,1390
樂陞,20160704,320,3135,224,14.8,0,1391
樂陞,20160701,28,2911,-54,13.74,21,1391
樂陞,20160630,129,2965,40,13.99,0,1370
樂陞,20160629,46,2925,-151,13.81,14,1370
樂陞,20160628,36,3076,-72,14.52,101,1356
樂陞,20160627,109,3148,-59,14.86,8,1255
樂陞,20160624,120,3207,-103,15.14,0,1247
樂陞,20160623,136,3310,-135,15.62,16,1247
樂陞,20160622,83,3445,-107,16.26,0,1231
樂陞,20160621,43,3552,-137,16.76,0,1231
樂陞,20160620,16,3689,-145,17.41,0,1240
樂陞,20160617,29,3834,-271,18.1,19,1240
樂陞,20160616,30,4105,-105,19.38,37,1221
樂陞,20160615,36,4210,-134,19.87,35,1184
樂陞,20160614,55,4344,-330,20.5,1,1186
樂陞,20160613,74,4674,-860,22.06,1,1185
樂陞,20160608,189,5534,-7,26.12,10,1184
樂陞,20160607,16,5541,-435,26.15,25,1174
樂陞,20160606,283,5976,-221,28.21,1,1149
樂陞,20160604,38,6197,-4094,29.25,0,1148
樂陞,20160603,53,10291,-397,48.57,38,1148
樂陞,20160602,198,10688,-299,50.45,40,1110
樂陞,20160601,657,10987,85,51.86,22,1070
樂陞,20160531,198,10902,133,51.46,57,1048
樂陞,20160530,180,10769,50,50.83,3,991
樂陞,20160527,189,10719,169,50.59,38,988
樂陞,20160526,106,10550,-20,49.79,1,950
樂陞,20160525,612,10570,486,49.89,2,952
樂陞,20160524,82,10084,-132,47.6,0,950
樂陞,20160523,151,10216,-106,48.22,2,950
樂陞,20160520,263,10322,157,48.72,0,948
樂陞,20160519,476,10165,254,47.98,0,948
樂陞,20160518,632,9911,497,46.78,8,948
樂陞,20160517,415,9414,128,44.43,11,940
樂陞,20160516,248,9286,128,43.83,44,929
樂陞,20160513,7,9158,-856,43.22,0,885
樂陞,20160512,993,10014,310,47.27,35,885
樂陞,20160511,1114,9704,410,45.81,23,850
樂陞,20160510,340,9294,-31,43.87,10,827
樂陞,20160509,267,9325,3,44.02,40,817
樂陞,20160506,323,9322,136,44,0,777
樂陞,20160505,407,9186,109,43.36,0,813
樂陞,20160504,763,9077,454,42.85,49,813
樂陞,20160503,238,8623,194,40.7,0,764
樂陞,20160429,211,8429,152,39.79,0,764
樂陞,20160428,155,8277,-87,39.07,0,764
樂陞,20160427,185,8364,138,39.48,0,764
樂陞,20160426,263,8226,213,38.83,0,764
樂陞,20160425,207,8013,-36,37.82,0,764
樂陞,20160422,134,8049,-22,37.99,12,764
樂陞,20160421,127,8071,10,38.1,29,752
樂陞,20160420,96,8061,-48,38.05,6,723
樂陞,20160419,72,8109,-37,38.28,11,717
樂陞,20160418,307,8146,197,38.45,2,706
樂陞,20160415,283,7949,101,37.52,0,704
樂陞,20160414,355,7848,268,37.05,12,704
樂陞,20160413,1785,7580,1617,35.97,0,692
樂陞,20160412,365,5963,-177,28.29,29,692
樂陞,20160411,961,6140,930,29.13,0,663
樂陞,20160408,724,5210,556,24.72,12,663
樂陞,20160407,624,4654,421,22.08,25,651
樂陞,20160406,571,4233,515,20.09,0,626
樂陞,20160401,1519,3718,1486,17.64,0,626
樂陞,20160331,2232,2232,2232,10.59,0,626
樂陞,20160330,0,0,0,0,51,626
樂陞,20160329,0,0,0,0,4,575
樂陞,20160328,0,0,-3,0,1,571
樂陞,20160325,0,3,-971,0.01,1,570
樂陞,20160324,135,974,-201,4.62,1,2291
樂陞,20160323,88,1175,-130,5.58,0,2785
樂陞,20160322,57,1305,-204,6.19,1,2869
樂陞,20160321,492,1509,111,7.16,1,3469
樂陞,20160318,294,1398,129,6.63,9,3748
樂陞,20160317,135,1269,-55,6.02,0,3739
樂陞,20160316,60,1324,-187,6.28,4,3739
樂陞,20160315,302,1511,166,7.17,5,3790
樂陞,20160314,42,1345,-54,6.38,10,3785
樂陞,20160311,17,1399,-147,6.65,10,3775
樂陞,20160310,8,1546,-127,7.35,0,3876
樂陞,20160309,21,1673,-169,7.95,33,3876
樂陞,20160308,246,1842,-728,8.75,27,3843
樂陞,20160307,779,2570,378,12.21,8,3816
樂陞,20160304,650,2192,333,10.42,0,3808
樂陞,20160303,1094,1859,961,8.83,0,3808
樂陞,20160302,89,898,-23,4.27,0,3808
樂陞,20160301,84,921,-100,4.38,0,3843
樂陞,20160226,22,1021,-272,4.85,0,3843
樂陞,20160225,184,1293,43,6.14,0,3843
樂陞,20160224,358,1250,80,5.94,0,3843
樂陞,20160223,395,1170,360,5.56,0,3843
樂陞,20160222,189,810,-1575,3.85,0,3843
樂陞,20160219,477,2385,409,11.33,0,3843
樂陞,20160218,1077,1976,960,9.39,0,3843
樂陞,20160217,21,1016,-194,4.83,0,3846
樂陞,20160216,293,1210,104,5.75,0,3856
樂陞,20160215,73,1106,27,5.26,0,3917
樂陞,20160203,455,1079,434,5.13,1,3917
樂陞,20160202,101,645,-3,3.07,22,3945
樂陞,20160201,56,648,-167,3.08,0,3923
樂陞,20160130,22,815,-86,3.88,0,3923
樂陞,20160129,24,901,-82,4.29,0,3923
樂陞,20160128,167,983,-126,4.68,0,3923
樂陞,20160127,7,1109,-113,5.28,5,3923
樂陞,20160126,120,1222,84,5.81,0,3918
樂陞,20160125,14,1138,-96,5.41,0,3918
樂陞,20160122,157,1234,-197,5.87,5,3968
樂陞,20160121,573,1431,291,6.81,20,3993
樂陞,20160120,433,1140,324,5.42,0,3973
樂陞,20160119,134,816,67,3.88,2,3973
